age_group,year,sex,edu_H,edu_M,edu_L
17,2022,F,0.012266107719938257,0.18078183693772118,0.8069520553423405
22,2022,F,0.12726723161675768,0.7214420025612741,0.15129076582196824
27,2022,F,0.34580602143723893,0.515903022551645,0.13829095601111602
32,2022,F,0.35968398581169725,0.49174530161481206,0.1485707125734907
37,2022,F,0.3341256167442398,0.5057920073996757,0.16008237585608456
42,2022,F,0.29770759333828994,0.5287833964103203,0.17350901025138976
47,2022,F,0.2664507427610357,0.5407670754311856,0.19278218180777862
52,2022,F,0.24041390887937616,0.5361101095325187,0.22347598158810517
57,2022,F,0.2172885014286215,0.517416188403563,0.2652953101678155
62,2022,F,0.19525241068530563,0.48607952741767135,0.31866806189702307
67,2022,F,0.17479608162619334,0.4417284271729984,0.3834754912008083
72,2022,F,0.17479608162619334,0.4417284271729984,0.3834754912008083
77,2022,F,0.17479608162619334,0.4417284271729984,0.3834754912008083
82,2022,F,0.17479608162619334,0.4417284271729984,0.3834754912008083
87,2022,F,0.17479608162619334,0.4417284271729984,0.3834754912008083
17,2022,M,0.010786749643539857,0.20524701345287247,0.7839662369035877
22,2022,M,0.10157344379459794,0.7615993701738848,0.1368271860315172
27,2022,M,0.28624117490474704,0.5803171113280806,0.13344171376717243
32,2022,M,0.29277710291964393,0.5614787743592284,0.1457441227211277
37,2022,M,0.26298519082552824,0.5792335028604363,0.15778130631403545
42,2022,M,0.2239712757630301,0.6048519927345682,0.17117673150240156
47,2022,M,0.19112444695588743,0.6183234671449261,0.1905520858991864
52,2022,M,0.16426944866817716,0.6139583872605342,0.22177216407128858
57,2022,M,0.14336975192185258,0.5927980215432207,0.2638322265349267
62,2022,M,0.12635793972700346,0.5566075233305474,0.3170345369424491
67,2022,M,0.11328787367246562,0.5054908857190631,0.38122124060847123
72,2022,M,0.11328787367246562,0.5054908857190631,0.38122124060847123
77,2022,M,0.11328787367246562,0.5054908857190631,0.38122124060847123
82,2022,M,0.11328787367246562,0.5054908857190631,0.38122124060847123
87,2022,M,0.11328787367246562,0.5054908857190631,0.38122124060847123
17,2023,F,0.012549063984473753,0.18088822786790051,0.8065627081476257
22,2023,F,0.1298997326324077,0.7194058391788221,0.15069442818877016
27,2023,F,0.3516546555300244,0.5114235019807011,0.13692184248927458
32,2023,F,0.3660260259156638,0.48702246195174315,0.14695151213259303
37,2023,F,0.3412162395832181,0.5005877113097785,0.1581960491070034
42,2023,F,0.30495908014673273,0.5235355223457485,0.1715053975075188
47,2023,F,0.2739192000700988,0.5355148951161579,0.19056590481374328
52,2023,F,0.24789715705488158,0.5311293787051864,0.22097346423993203
57,2023,F,0.22554731587801952,0.512350810526272,0.26210187359570847
62,2023,F,0.202957062798235,0.48186141829047985,0.31518151891128515
67,2023,F,0.18228878298159198,0.4382075590965258,0.3795036579218823
72,2023,F,0.18228878298159198,0.4382075590965258,0.3795036579218823
77,2023,F,0.18228878298159198,0.4382075590965258,0.3795036579218823
82,2023,F,0.18228878298159198,0.4382075590965258,0.3795036579218823
87,2023,F,0.18228878298159198,0.4382075590965258,0.3795036579218823
17,2023,M,0.011088255440631366,0.20539497022808564,0.783516774331283
22,2023,M,0.10440180191792373,0.7593710743140961,0.1362271237679801
27,2023,M,0.2932235706647718,0.5748141740305366,0.13196225530469155
32,2023,M,0.30070008127566383,0.5553957811994092,0.14390413752492692
37,2023,M,0.2713971388119468,0.5728735369479394,0.15572932424011365
42,2023,M,0.23210804646540115,0.5988009244267681,0.1690910291078306
47,2023,M,0.19958046302039573,0.6122288510288928,0.18819068595071148
52,2023,M,0.17289369277361658,0.6080946519281835,0.21901165529819988
57,2023,M,0.15234023999553817,0.5872010566372687,0.2604587033671931
62,2023,M,0.13516030839959775,0.5517328944156926,0.3131067971847096
67,2023,M,0.12247862553966414,0.5011493043656262,0.37637207009470963
72,2023,M,0.12247862553966414,0.5011493043656262,0.37637207009470963
77,2023,M,0.12247862553966414,0.5011493043656262,0.37637207009470963
82,2023,M,0.12247862553966414,0.5011493043656262,0.37637207009470963
87,2023,M,0.12247862553966414,0.5011493043656262,0.37637207009470963
17,2024,F,0.012825795933679376,0.18098892344237327,0.8061852806239473
22,2024,F,0.13255209963701922,0.7173509410009739,0.1500969593620069
27,2024,F,0.3574851585889476,0.5069544002927227,0.1355604411183297
32,2024,F,0.372809037446986,0.48196667789959735,0.1452242846534167
37,2024,F,0.3482846117877652,0.4953939346909667,0.15632145352126814
42,2024,F,0.3122038371654281,0.5182851537286346,0.16951100910593722
47,2024,F,0.2816853184481629,0.5300431609695411,0.18827152058229607
52,2024,F,0.25572029934175755,0.5259094057070637,0.21837029495117882
57,2024,F,0.23351130936793904,0.507448562378794,0.25904012825326683
62,2024,F,0.21189923994679544,0.476939992714518,0.31116076733868653
67,2024,F,0.19031440888569703,0.43440934217574373,0.37527624893855926
72,2024,F,0.19031440888569703,0.43440934217574373,0.37527624893855926
77,2024,F,0.19031440888569703,0.43440934217574373,0.37527624893855926
82,2024,F,0.19031440888569703,0.43440934217574373,0.37527624893855926
87,2024,F,0.19031440888569703,0.43440934217574373,0.37527624893855926
17,2024,M,0.011434448297330372,0.20555801991217673,0.783007531790493
22,2024,M,0.10753217554896445,0.7568987564280188,0.1355690680230167
27,2024,M,0.30064105438871397,0.568961776867492,0.130397168743794
32,2024,M,0.3093590508062577,0.5487386261760548,0.1419023230176874
37,2024,M,0.28008667386891184,0.5662922995235121,0.15362102660757607
42,2024,M,0.24165621476992194,0.591683138074757,0.16666064715532106
47,2024,M,0.20869138744777377,0.6056401899405613,0.18566842261166489
52,2024,M,0.1819470146677527,0.6019085447579942,0.21614444057425317
57,2024,M,0.16148824028737216,0.5814499464076206,0.2570618133050073
62,2024,M,0.144906482695652,0.5462723499474083,0.30882116735693965
67,2024,M,0.1323634303266712,0.4963965650035664,0.37124000466976254
72,2024,M,0.1323634303266712,0.4963965650035664,0.37124000466976254
77,2024,M,0.1323634303266712,0.4963965650035664,0.37124000466976254
82,2024,M,0.1323634303266712,0.4963965650035664,0.37124000466976254
87,2024,M,0.1323634303266712,0.4963965650035664,0.37124000466976254
17,2025,F,0.012925471672242216,0.18102440738943446,0.8060501209383233
22,2025,F,0.13350411705482385,0.7166125734728533,0.14988330947232273
27,2025,F,0.35956280544671126,0.5053610557991022,0.13507613875418656
32,2025,F,0.37514070520210246,0.4802276803031537,0.14463161449474382
37,2025,F,0.3505514097391765,0.4937271123376262,0.1557214779231974
42,2025,F,0.3148846801372817,0.516340500861002,0.16877481900171631
47,2025,F,0.2842755628634447,0.5282159284202038,0.1875085087163515
52,2025,F,0.25885637888772445,0.5238132808371377,0.21733034027513776
57,2025,F,0.23663939196348316,0.5055185414922075,0.25784206654430936
62,2025,F,0.21502838015851228,0.47521164637780927,0.30975997346367845
67,2025,F,0.19390979696232136,0.43269928879093855,0.3733909142467401
72,2025,F,0.19390979696232136,0.43269928879093855,0.3733909142467401
77,2025,F,0.19390979696232136,0.43269928879093855,0.3733909142467401
82,2025,F,0.19390979696232136,0.43269928879093855,0.3733909142467401
87,2025,F,0.19390979696232136,0.43269928879093855,0.3733909142467401
17,2025,M,0.011564600987377681,0.20561751292979522,0.7828178860828272
22,2025,M,0.10861418819896139,0.7560427766776797,0.13534303512335896
27,2025,M,0.303476000066266,0.5667232740694711,0.12980072586426297
32,2025,M,0.31232517213827005,0.5464561146955663,0.14121871316616366
37,2025,M,0.2835124553435035,0.563694643763313,0.15279290089318345
42,2025,M,0.24439380949607784,0.5896391276121611,0.16596706289176108
47,2025,M,0.21184315219811886,0.6033559530990823,0.18480089470279878
52,2025,M,0.1862144887196658,0.5989825023381914,0.21480300894214285
57,2025,M,0.16479587325396697,0.5793606163300753,0.25584351041595776
62,2025,M,0.1478395397133312,0.5446172153190317,0.30754324496763713
67,2025,M,0.13487938752239273,0.49517448523152835,0.3699461272460789
72,2025,M,0.13487938752239273,0.49517448523152835,0.3699461272460789
77,2025,M,0.13487938752239273,0.49517448523152835,0.3699461272460789
82,2025,M,0.13487938752239273,0.49517448523152835,0.3699461272460789
87,2025,M,0.13487938752239273,0.49517448523152835,0.3699461272460789
17,2026,F,0.013025591695927525,0.1810596407607506,0.8059147675433218
22,2026,F,0.13445860374114,0.7158718754661808,0.1496695207926793
27,2026,F,0.36163788623152016,0.5037692547235753,0.1345928590449046
32,2026,F,0.37723588603145086,0.4786646000719457,0.1440995138966034
37,2026,F,0.3530669372721237,0.49187672370542634,0.15505633902245008
42,2026,F,0.31729610454342744,0.5145904624137755,0.16811343304279713
47,2026,F,0.2871541645102624,0.5261840007529842,0.18666183473675352
52,2026,F,0.26199584047484004,0.5217129038805806,0.21629125564457932
57,2026,F,0.23942498694444148,0.503797758320943,0.2567772547346156
62,2026,F,0.21777381224775894,0.4736926997956938,0.3085334879565472
67,2026,F,0.19706935059470898,0.431192383203196,0.371738266202095
72,2026,F,0.19706935059470898,0.431192383203196,0.371738266202095
77,2026,F,0.19706935059470898,0.431192383203196,0.371738266202095
82,2026,F,0.19706935059470898,0.431192383203196,0.371738266202095
87,2026,F,0.19706935059470898,0.431192383203196,0.371738266202095
17,2026,M,0.011685496836550622,0.20567192014614114,0.7826425830173083
22,2026,M,0.10970061730585669,0.7551825899721603,0.135116792721983
27,2026,M,0.3060920228569182,0.5646568057666578,0.12925117137642397
32,2026,M,0.3150425871987761,0.5443640675540464,0.14059334524717748
37,2026,M,0.28641189066587086,0.5614947883837187,0.1520933209504104
42,2026,M,0.24768391480066787,0.5871807467629697,0.1651353384363623
47,2026,M,0.2152922357916587,0.600853414931919,0.18385434927642236
52,2026,M,0.18927834496965681,0.5968779575139601,0.2138436975163831
57,2026,M,0.16779014772922363,0.5774649458848133,0.25474490638596303
62,2026,M,0.15116297327220427,0.5427356215231582,0.30610140520463747
67,2026,M,0.138685631573325,0.49331682965383705,0.36799753877283786
72,2026,M,0.138685631573325,0.49331682965383705,0.36799753877283786
77,2026,M,0.138685631573325,0.49331682965383705,0.36799753877283786
82,2026,M,0.138685631573325,0.49331682965383705,0.36799753877283786
87,2026,M,0.138685631573325,0.49331682965383705,0.36799753877283786
17,2027,F,0.01311607991535739,0.18109113726693218,0.8057927828177104
22,2027,F,0.1353197388284464,0.715203267618586,0.14947699355296776
27,2027,F,0.3635032116155434,0.5023379985683487,0.13415878981610788
32,2027,F,0.3795600979007892,0.4769301508991821,0.14350975120002865
37,2027,F,0.3553279933494713,0.4902129250148691,0.15445908163565952
42,2027,F,0.31970613746086257,0.5128406686433481,0.16745319389578942
47,2027,F,0.2897452142936042,0.5243539137406331,0.1859008719657627
52,2027,F,0.2645096162394782,0.5200297164048051,0.21546066735571665
57,2027,F,0.24221508913480758,0.5020722702605146,0.25571264060467785
62,2027,F,0.22131339090804078,0.47173096830470945,0.3069556407872498
67,2027,F,0.2002411099765834,0.4296758702054146,0.370083019818002
72,2027,F,0.2002411099765834,0.4296758702054146,0.370083019818002
77,2027,F,0.2002411099765834,0.4296758702054146,0.370083019818002
82,2027,F,0.2002411099765834,0.4296758702054146,0.370083019818002
87,2027,F,0.2002411099765834,0.4296758702054146,0.370083019818002
17,2027,M,0.011817286269872752,0.2057303122460528,0.7824524014840745
22,2027,M,0.11079143370723937,0.7543182242800127,0.134890342012748
27,2027,M,0.3087070608532958,0.5625903310037108,0.12870260814299334
32,2027,M,0.31800515690795117,0.54208229404655806,0.13991254904549077
37,2027,M,0.2893117079936293,0.5592934627031682,0.1513948293032026
42,2027,M,0.25125388582510444,0.5845110250586634,0.16423508911623222
47,2027,M,0.21817469284569826,0.5987597993997286,0.18306550775457317
52,2027,M,0.19235476292329384,0.59476171192746,0.21288352514924624
57,2027,M,0.1711358969808781,0.5753421132538535,0.2535219897652683
62,2027,M,0.15451091066598327,0.5408337843216584,0.3046553050123583
67,2027,M,0.14081662482213092,0.4922723127791227,0.36691106239874643
72,2027,M,0.14081662482213092,0.4922723127791227,0.36691106239874643
77,2027,M,0.14081662482213092,0.4922723127791227,0.36691106239874643
82,2027,M,0.14081662482213092,0.4922723127791227,0.36691106239874643
87,2027,M,0.14081662482213092,0.4922723127791227,0.36691106239874643
17,2028,F,0.01321704519265247,0.18112589691767997,0.8056570578896675
22,2028,F,0.13627886990446686,0.714458184781147,0.14926294531438625
27,2028,F,0.3655732398623454,0.5007492799976255,0.13367748014002917
32,2028,F,0.3818802641248556,0.47519819700106125,0.14292153887408318
37,2028,F,0.35758619511110346,0.48855066912820283,0.15386313576069371
42,2028,F,0.3223821721831111,0.5108968601315539,0.1667209676853349
47,2028,F,0.29204847154336316,0.5227262084521568,0.18522532000448008
52,2028,F,0.2667106313909092,0.5185549364008428,0.21473443220824798
57,2028,F,0.24570866130753025,0.49990908096488823,0.2543822577275815
62,2028,F,0.2244684488130771,0.4699791876924353,0.30555236349448756
67,2028,F,0.2034246205927192,0.4281500295092057,0.368425349898075
72,2028,F,0.2034246205927192,0.4281500295092057,0.368425349898075
77,2028,F,0.2034246205927192,0.4281500295092057,0.368425349898075
82,2028,F,0.2034246205927192,0.4281500295092057,0.368425349898075
87,2028,F,0.2034246205927192,0.4281500295092057,0.368425349898075
17,2028,M,0.011929466480955084,0.20577927708515373,0.7822912564338912
22,2028,M,0.11188660807650046,0.7534497076687579,0.13466368425474162
27,2028,M,0.31132095192886505,0.5605239894382102,0.12815505863292478
32,2028,M,0.3209655408873541,0.5398011871047145,0.13923327200793134
37,2028,M,0.29273893000795387,0.5566902747657143,0.1505707952263318
42,2028,M,0.2540037252371481,0.582453076136162,0.16354319862668973
47,2028,M,0.22164303415443065,0.5962380497230787,0.18211891612249054
52,2028,M,0.19544331222184486,0.5926341126702873,0.21192257510786777
57,2028,M,0.17450082068428271,0.5732023393271882,0.25229683998852914
62,2028,M,0.15750688858484382,0.5391266670127265,0.30336644440242977
67,2028,M,0.1451129032504313,0.49015713237128783,0.36472996437828087
72,2028,M,0.1451129032504313,0.49015713237128783,0.36472996437828087
77,2028,M,0.1451129032504313,0.49015713237128783,0.36472996437828087
82,2028,M,0.1451129032504313,0.49015713237128783,0.36472996437828087
87,2028,M,0.1451129032504313,0.49015713237128783,0.36472996437828087
17,2029,F,0.01330829479075506,0.18115696845965581,0.8055347367495891
22,2029,F,0.1372404204657734,0.7137108168521773,0.14904876268204928
27,2029,F,0.36743391514637974,0.49932088528825364,0.13324519956536668
32,2029,F,0.3837334290942008,0.4738144765376487,0.14245209436815048
37,2029,F,0.36009185740562416,0.4867056124403105,0.15320253015406532
42,2029,F,0.32505617465989967,0.5089536088758255,0.1659902164642748
47,2029,F,0.29463959691037606,0.5208940809188518,0.1844663221707721
52,2029,F,0.26985706796528713,0.5164450662774875,0.21369786575722527
57,2029,F,0.24850796184771926,0.4981736940418491,0.2533183441104317
62,2029,F,0.2272355614208159,0.4684404123958806,0.3043240261833034
67,2029,F,0.2070767264106833,0.4263951471579556,0.366528126431361
72,2029,F,0.2070767264106833,0.4263951471579556,0.366528126431361
77,2029,F,0.2070767264106833,0.4263951471579556,0.366528126431361
82,2029,F,0.2070767264106833,0.4263951471579556,0.366528126431361
87,2029,F,0.2070767264106833,0.4263951471579556,0.366528126431361
17,2029,M,0.012052542127511818,0.20583223144256615,0.782115226429922
22,2029,M,0.11298611092602931,0.7525770683030484,0.13443682077092226
27,2029,M,0.31393353590060685,0.5584579190899864,0.1276085450094067
32,2029,M,0.324169897419902,0.5373309598844169,0.138499142695681
37,2029,M,0.29563875322843075,0.5544864348819827,0.14987481188958668
42,2029,M,0.25703196398745015,0.5801852539236371,0.16278278208891275
47,2029,M,0.22483091191860388,0.5939177869342585,0.18125130114713778
52,2029,M,0.19854356347499078,0.5904955056687683,0.21096093085624096
57,2029,M,0.17822365232976553,0.5708295891961429,0.25094675847409154
62,2029,M,0.16089929421472643,0.5371879395462855,0.3019127662389881
67,2029,M,0.14771212116628032,0.4888716319765157,0.363416246857204
72,2029,M,0.14771212116628032,0.4888716319765157,0.363416246857204
77,2029,M,0.14771212116628032,0.4888716319765157,0.363416246857204
82,2029,M,0.14771212116628032,0.4888716319765157,0.363416246857204
87,2029,M,0.14771212116628032,0.4888716319765157,0.363416246857204
17,2030,F,0.013410106762049552,0.1811912574516952,0.8053986357862551
22,2030,F,0.13820437326735088,0.7129611795239101,0.14883444720873906
27,2030,F,0.3694986638661749,0.49773544176913664,0.13276589436468839
32,2030,F,0.38604610746000595,0.4720871859777315,0.14186670656226244
37,2030,F,0.3625937765504476,0.48486264092828346,0.15254358252126893
42,2030,F,0.32692668021179805,0.5075937352283906,0.16547958455981138
47,2030,F,0.29723051989658533,0.5190610661487459,0.18370841395466872
52,2030,F,0.2730057113390729,0.5143318469449591,0.21266244171596793
57,2030,F,0.2513109356735369,0.49643420989652076,0.25225485442994233
62,2030,F,0.23040497219838163,0.46667523620947343,0.3029197915921449
67,2030,F,0.20936648653401183,0.42529252762733333,0.36534098583865493
72,2030,F,0.20936648653401183,0.42529252762733333,0.36534098583865493
77,2030,F,0.20936648653401183,0.42529252762733333,0.36534098583865493
82,2030,F,0.20936648653401183,0.42529252762733333,0.36534098583865493
87,2030,F,0.20936648653401183,0.42529252762733333,0.36534098583865493
17,2030,M,0.01218669612756999,0.2058890574034575,0.7819242464689724
22,2030,M,0.114182089195705,0.7516270893549722,0.1341908214493227
27,2030,M,0.31654465453904995,0.5563922563335743,0.1270630891273758
32,2030,M,0.3266326865390295,0.535431618017198,0.13793569544377254
37,2030,M,0.2988017662586195,0.5520812952258077,0.14911693851557287
42,2030,M,0.26089078420440937,0.5772931526498217,0.16181606314576885
47,2030,M,0.22831743819187297,0.591377558879692,0.18030500292843513
52,2030,M,0.20196684453163155,0.5881307353245182,0.2099024201438503
57,2030,M,0.18162684872041246,0.5686557877903525,0.249717363489235
62,2030,M,0.16469508169955424,0.535011750671832,0.3002931676286138
67,2030,M,0.15076435761775023,0.48735669839478296,0.3618789439874668
72,2030,M,0.15076435761775023,0.48735669839478296,0.3618789439874668
77,2030,M,0.15076435761775023,0.48735669839478296,0.3618789439874668
82,2030,M,0.15076435761775023,0.48735669839478296,0.3618789439874668
87,2030,M,0.15076435761775023,0.48735669839478296,0.3618789439874668
17,2031,F,0.013512364933675313,0.18122529993952563,0.805262335126799
22,2031,F,0.139073970420232,0.7122845785779386,0.14864145100182954
27,2031,F,0.37135448739412036,0.496310079655694,0.1323354329501856
32,2031,F,0.3881238678710426,0.4705349176598009,0.1413412144691566
37,2031,F,0.36459254093092996,0.4833898275439664,0.1520176315251036
42,2031,F,0.32959685658874704,0.5056517329342184,0.16475141047703457
47,2031,F,0.30010888461372665,0.517023502804086,0.18286761258218737
52,2031,F,0.27584110597794775,0.5124272943691616,0.21173159965289068
57,2031,F,0.2544683574714384,0.49447262186010593,0.25105902066845553
62,2031,F,0.23358146392286067,0.46490330424427834,0.30151523183286094
67,2031,F,0.21396185409920437,0.42307432473295553,0.36296382116784015
72,2031,F,0.21396185409920437,0.42307432473295553,0.36296382116784015
77,2031,F,0.21396185409920437,0.42307432473295553,0.36296382116784015
82,2031,F,0.21396185409920437,0.42307432473295553,0.36296382116784015
87,2031,F,0.21396185409920437,0.42307432473295553,0.36296382116784015
17,2031,M,0.012311290373630147,0.2059410149121707,0.7817476947141991
22,2031,M,0.11529051431789475,0.7507459517911464,0.13396353389095872
27,2031,M,0.31915415157743193,0.5543271358913475,0.1265187125312205
32,2031,M,0.3295854287339882,0.5331535279632439,0.1372610433027679
37,2031,M,0.301964039233067,0.5496754075152338,0.14836055325169903
42,2031,M,0.26364998214737395,0.5752236710423131,0.161126346810313
47,2031,M,0.2312295493489657,0.5892538113926086,0.1795166392584258
52,2031,M,0.20540319863309286,0.5857535194055389,0.2088432819613682
57,2031,M,0.18504732074332775,0.5664665186378668,0.24848616061880546
62,2031,M,0.1673682222584575,0.5334749593783944,0.29915681836314806
67,2031,M,0.15427813068205118,0.4856057523088189,0.36011611700912993
72,2031,M,0.15427813068205118,0.4856057523088189,0.36011611700912993
77,2031,M,0.15427813068205118,0.4856057523088189,0.36011611700912993
82,2031,M,0.15427813068205118,0.4856057523088189,0.36011611700912993
87,2031,M,0.15427813068205118,0.4856057523088189,0.36011611700912993
17,2032,F,0.013615069696338172,0.18125909674784382,0.805125833555818
22,2032,F,0.14004243983164766,0.711530672694644,0.14842688747370836
27,2032,F,0.3734137354448394,0.4947280989801688,0.13185816557499186
32,2032,F,0.3904283630279978,0.4688127832128959,0.14075885375910632
37,2032,F,0.3670874393467706,0.48155084258310116,0.15136171807012816
42,2032,F,0.3322645675845149,0.5037106398758997,0.16402479253958543
47,2032,F,0.3026988390245336,0.5151890462718393,0.18211211470362712
52,2032,F,0.2777320974975706,0.5111562888622211,0.2111116136402083
57,2032,F,0.25727830064684903,0.4927250403772303,0.24999665897592072
62,2032,F,0.23636639144931673,0.4633475325623714,0.30028607598831186
67,2032,F,0.216267134990329,0.42195894141187534,0.36177392359779553
72,2032,F,0.216267134990329,0.42195894141187534,0.36177392359779553
77,2032,F,0.216267134990329,0.42195894141187534,0.36177392359779553
82,2032,F,0.216267134990329,0.42195894141187534,0.36177392359779553
87,2032,F,0.216267134990329,0.42195894141187534,0.36177392359779553
17,2032,M,0.012436614935134175,0.20599249735902397,0.7815708877058418
22,2032,M,0.11631029313217948,0.7499346967435278,0.13375501012429292
27,2032,M,0.3215446341840878,0.5524346989028545,0.1260206669130577
32,2032,M,0.33278079132863553,0.5306871751753391,0.13653203349602527
37,2032,M,0.30486188713257045,0.5474695649154816,0.14766854795194806
42,2032,M,0.2666875803990942,0.5729439420545411,0.16036847754636466
47,2032,M,0.23443948678056603,0.5869107758875639,0.17864973733187003
52,2032,M,0.20885205979132138,0.5833643125172376,0.20778362769144107
57,2032,M,0.18814001037533357,0.5644833425614283,0.24737664706323817
62,2032,M,0.17043900254385486,0.5317053929471891,0.29785560450895604
67,2032,M,0.15693087112097395,0.48427912736728185,0.3587900015117442
72,2032,M,0.15693087112097395,0.48427912736728185,0.3587900015117442
77,2032,M,0.15693087112097395,0.48427912736728185,0.3587900015117442
82,2032,M,0.15693087112097395,0.48427912736728185,0.3587900015117442
87,2032,M,0.15693087112097395,0.48427912736728185,0.3587900015117442
17,2033,F,0.01371822143788921,0.18129264869346906,0.8049891298686417
22,2033,F,0.14091607377131504,0.710850255618114,0.14823367061057083
27,2033,F,0.3752645108110847,0.49330593634307596,0.13142955284583926
32,2033,F,0.3924986325079298,0.46726526097180326,0.14023610652026686
37,2033,F,0.3690804440698121,0.4800813364237179,0.15083821950646994
42,2033,F,0.3343968561731852,0.5021585055913043,0.16344463823551045
47,2033,F,0.30528808206591634,0.5133541081123407,0.18135780982174285
52,2033,F,0.2808848304194661,0.5090357934397948,0.21007937614073915
57,2033,F,0.2597393803619274,0.49119300725227716,0.24906761238579536
62,2033,F,0.23995410919687934,0.4613402425665015,0.29870564823661916
67,2033,F,0.21950263644965964,0.4203906142291503,0.3601067493211901
72,2033,F,0.21950263644965964,0.4203906142291503,0.3601067493211901
77,2033,F,0.21950263644965964,0.4203906142291503,0.3601067493211901
82,2033,F,0.21950263644965964,0.4203906142291503,0.3601067493211901
87,2033,F,0.21950263644965964,0.4203906142291503,0.3601067493211901
17,2033,M,0.012562670701443159,0.20604350692719484,0.7813938223713619
22,2033,M,0.1174268119184725,0.7490458498836731,0.13352733819785437
27,2033,M,0.3241505935672473,0.5503709884075687,0.12547841802518403
32,2033,M,0.3354815708545507,0.5286017071303979,0.13591672201505128
37,2033,M,0.30802191996599915,0.5450629329440765,0.1469151470899243
42,2033,M,0.27000394362962044,0.5704533097967364,0.15954274657364323
47,2033,M,0.23794867662091254,0.584346859043916,0.1777044643351715
52,2033,M,0.21262805588995776,0.5807447607041353,0.20662718340590686
57,2033,M,0.19159162062924154,0.5622659870653374,0.24614239230542104
62,2033,M,0.17391316108378505,0.5296981721085591,0.2963886668076558
67,2033,M,0.16049045337027584,0.48249282621052647,0.3570167204191977
72,2033,M,0.16049045337027584,0.48249282621052647,0.3570167204191977
77,2033,M,0.16049045337027584,0.48249282621052647,0.3570167204191977
82,2033,M,0.16049045337027584,0.48249282621052647,0.3570167204191977
87,2033,M,0.16049045337027584,0.48249282621052647,0.3570167204191977
17,2034,F,0.0138218205433278,0.18132595658544465,0.8048522228712276
22,2034,F,0.14179160016973946,0.7101680487724151,0.14804035105784547
27,2034,F,0.377112827895948,0.4918853462702342,0.13100182583381767
32,2034,F,0.3945652673579672,0.46572005922794746,0.1397146734140853
37,2034,F,0.3715679667978048,0.47824663082997687,0.15018540237221828
42,2034,F,0.33705973699888003,0.5002193684448472,0.1627208945562728
47,2034,F,0.3075889049545008,0.5117227507309927,0.18068834431450648
52,2034,F,0.2840386376291011,0.5069128192053762,0.20904854316552277
57,2034,F,0.2629066116982148,0.48921947608966193,0.24787391221212338
62,2034,F,0.24274974843848224,0.4597737845806932,0.2974764669808247
67,2034,F,0.2232114181160887,0.4185888559902405,0.3581997258936708
72,2034,F,0.2232114181160887,0.4185888559902405,0.3581997258936708
77,2034,F,0.2232114181160887,0.4185888559902405,0.3581997258936708
82,2034,F,0.2232114181160887,0.4185888559902405,0.3581997258936708
87,2034,F,0.2232114181160887,0.4185888559902405,0.3581997258936708
17,2034,M,0.0126894585540289,0.20609404577199464,0.7812164956739764
22,2034,M,0.1185475094438032,0.7481530224838164,0.13329946807238047
27,2034,M,0.326754486856812,0.5483082036748594,0.12493730946832855
32,2034,M,0.33817944100577957,0.5265177083775665,0.1353028506166539
37,2034,M,0.3109172271522671,0.542856817117972,0.1462259557297609
42,2034,M,0.27332266357889257,0.5679591775449521,0.1587181588761553
47,2034,M,0.24117181897577575,0.5819897382631125,0.17683844276111166
52,2034,M,0.21578505173969734,0.5785517323136026,0.20566321594669998
57,2034,M,0.19505873412900757,0.5600345319630999,0.24490673390789242
62,2034,M,0.1777967987879184,0.5274480657706009,0.2947551354414807
67,2034,M,0.16362571445047255,0.4809138117825872,0.3554604737669403
72,2034,M,0.16362571445047255,0.4809138117825872,0.3554604737669403
77,2034,M,0.16362571445047255,0.4809138117825872,0.3554604737669403
82,2034,M,0.16362571445047255,0.4809138117825872,0.3554604737669403
87,2034,M,0.16362571445047255,0.4809138117825872,0.3554604737669403
17,2035,F,0.013915442550252052,0.18135572568484012,0.8047288317649078
22,2035,F,0.14266900632940505,0.7094840636622544,0.14784693000834062
27,2035,F,0.37895864435628906,0.4904663648024474,0.1305749908412635
32,2035,F,0.39685719949705145,0.4640059453524116,0.13913685515053698
37,2035,F,0.37380310896032076,0.4765975316026422,0.1495993594370371
42,2035,F,0.33918796266484214,0.4986689606966901,0.16214307663846778
47,2035,F,0.3101763695936118,0.509887249501285,0.17993638090510333
52,2035,F,0.28624677285298833,0.5054253923092656,0.2083278348377461
57,2035,F,0.2657244889335182,0.48746185065794706,0.2468136604085347
62,2035,F,0.24594996419629198,0.4579781864070718,0.2960718493966362
67,2035,F,0.22600037192408087,0.41723119957489596,0.35676842850102325
72,2035,F,0.22600037192408087,0.41723119957489596,0.35676842850102325
77,2035,F,0.22600037192408087,0.41723119957489596,0.35676842850102325
82,2035,F,0.22600037192408087,0.41723119957489596,0.35676842850102325
87,2035,F,0.22600037192408087,0.41723119957489596,0.35676842850102325
17,2035,M,0.012816979366484198,0.20614411602134566,0.7810389046121702
22,2035,M,0.11957846046512773,0.7473311250903405,0.13309041444453165
27,2035,M,0.3293561655453555,0.5462464729026197,0.12439736155202469
32,2035,M,0.34136386689239956,0.5240568777366699,0.13457925537093066
37,2035,M,0.31407396409394617,0.5404503272629582,0.14547570864309572
42,2035,M,0.2760897870987552,0.565878291041397,0.15803192185984777
47,2035,M,0.2444006559847628,0.57962639181138,0.17597295220385717
52,2035,M,0.21895099356961595,0.576349908972042,0.204699097458342
57,2035,M,0.19854074206778566,0.5577894458561328,0.2436698120760816
62,2035,M,0.18052956139228227,0.5258609000203013,0.2936095385874163
67,2035,M,0.16677968153175066,0.4793202299870332,0.35390008848121607
72,2035,M,0.16677968153175066,0.4793202299870332,0.35390008848121607
77,2035,M,0.16677968153175066,0.4793202299870332,0.35390008848121607
82,2035,M,0.16677968153175066,0.4793202299870332,0.35390008848121607
87,2035,M,0.16677968153175066,0.4793202299870332,0.35390008848121607
17,2036,F,0.014009427508118842,0.18138529832893363,0.8046052741629476
22,2036,F,0.14354827953096377,0.7087983118033319,0.1476534086657044
27,2036,F,0.3810065678915367,0.48889164863777007,0.13010178347069318
32,2036,F,0.39891598411600715,0.4624657911769652,0.1386182247070276
37,2036,F,0.37628247274509324,0.4747676516736424,0.14894987558126435
42,2036,F,0.34157990405134964,0.4969257946777166,0.16149430127093384
47,2036,F,0.3127626660372008,0.5080516310384381,0.179185702924361
52,2036,F,0.2887706739132148,0.5037242397356609,0.20750508635112433
57,2036,F,0.2685445237556732,0.48570123205016963,0.2457542441941571
62,2036,F,0.24875441319987007,0.45640254312577566,0.2948430436743542
67,2036,F,0.23019498129794705,0.41518493365091597,0.35462008505113707
72,2036,F,0.23019498129794705,0.41518493365091597,0.35462008505113707
77,2036,F,0.23019498129794705,0.41518493365091597,0.35462008505113707
82,2036,F,0.23019498129794705,0.41518493365091597,0.35462008505113707
87,2036,F,0.23019498129794705,0.41518493365091597,0.35462008505113707
17,2036,M,0.01294523400453366,0.20619371977625234,0.780861046219214
22,2036,M,0.1208013190269247,0.7463555409785272,0.13284313999454814
27,2036,M,0.3317389670440073,0.5443575869912046,0.12390344596478817
32,2036,M,0.3438103497906303,0.5221655910828938,0.13402405912647591
37,2036,M,0.3169657761054721,0.5382447398234015,0.14478948407112652
42,2036,M,0.27913494376778786,0.563586983308798,0.1572780729234142
47,2036,M,0.2473405696158727,0.5774727676502738,0.1751866627338535
52,2036,M,0.22244336464666553,0.5739181435237765,0.20363849182955804
57,2036,M,0.20168678216012942,0.5557575996018633,0.24255561823800725
62,2036,M,0.18366659069854194,0.5240351400496717,0.2922982692517863
67,2036,M,0.16995183255458368,0.4777124307682524,0.3523357366771639
72,2036,M,0.16995183255458368,0.4777124307682524,0.3523357366771639
77,2036,M,0.16995183255458368,0.4777124307682524,0.3523357366771639
82,2036,M,0.16995183255458368,0.4777124307682524,0.3523357366771639
87,2036,M,0.16995183255458368,0.4777124307682524,0.3523357366771639
17,2037,F,0.0141037756916775,0.18141467509176065,0.8044815492165619
22,2037,F,0.14452742399867222,0.7080343072001597,0.147438268801168
27,2037,F,0.38305129612332467,0.4873190105118621,0.12962969336481317
32,2037,F,0.4009709681745367,0.46092809692651177,0.13810093489895162
37,2037,F,0.3782627688377742,0.4733056617059751,0.14843156945625072
42,2037,F,0.3442346181441022,0.4949903417795625,0.16077504007633528
47,2037,F,0.31534763975184604,0.5062160186964917,0.17843634155166224
52,2037,F,0.29192579537426516,0.5015961231388923,0.20647808148684246
57,2037,F,0.2717193432463402,0.4837171759194671,0.24456348083419274
62,2037,F,0.2519640235489561,0.4545969027454548,0.2934390737055892
67,2037,F,0.23299843954505695,0.4138144799309536,0.3531870805239894
72,2037,F,0.23299843954505695,0.4138144799309536,0.3531870805239894
77,2037,F,0.23299843954505695,0.4138144799309536,0.3531870805239894
82,2037,F,0.23299843954505695,0.4138144799309536,0.3531870805239894
87,2037,F,0.23299843954505695,0.4138144799309536,0.3531870805239894
17,2037,M,0.013074223326043766,0.2062428591112569,0.7806829175626994
22,2037,M,0.12183979363647605,0.7455264756038957,0.13263373075962823
27,2037,M,0.33433599326732855,0.5422982285208251,0.12336577821184633
32,2037,M,0.34674242270650585,0.5198981024396377,0.1333594748538565
37,2037,M,0.32011819053610474,0.5358392546149349,0.14404255484896034
42,2037,M,0.2824581813855379,0.561084862662366,0.1564569559520961
47,2037,M,0.25057917778817085,0.5750984409756874,0.1743223812361417
52,2037,M,0.22562673866569732,0.5716989350612586,0.20267432627304421
57,2037,M,0.20519541867209853,0.5534878985460928,0.24131668278180862
62,2037,M,0.1876079902934576,0.521735659444488,0.2906563502620544
67,2037,M,0.17359874302354983,0.4758579853411251,0.35054327163532506
72,2037,M,0.17359874302354983,0.4758579853411251,0.35054327163532506
77,2037,M,0.17359874302354983,0.4758579853411251,0.35054327163532506
82,2037,M,0.17359874302354983,0.4758579853411251,0.35054327163532506
87,2037,M,0.17359874302354983,0.4758579853411251,0.35054327163532506
17,2038,F,0.014187945894585751,0.1814406237865386,0.8043714303188756
22,2038,F,0.14550884022036648,0.7072681514815856,0.1472230082980479
27,2038,F,0.3846847406344746,0.4860624281398245,0.12925283122570094
32,2038,F,0.40302210013425904,0.4593929059912656,0.13758499387447537
37,2038,F,0.38073406017972977,0.4714806371890317,0.14778530263123857
42,2038,F,0.34635602195330767,0.4934431165411369,0.1602008615055555
47,2038,F,0.31764416026596576,0.5045844670079451,0.1777713727260891
52,2038,F,0.2944498977780347,0.49989243602561156,0.2056576661963537
57,2038,F,0.2745431690136702,0.48195077520987056,0.2435060557764592
62,2038,F,0.25477610782817123,0.4530128678068731,0.2922110243649557
67,2038,F,0.23580722103790325,0.4124391992949715,0.35175357966712534
72,2038,F,0.23580722103790325,0.4124391992949715,0.35175357966712534
77,2038,F,0.23580722103790325,0.4124391992949715,0.35175357966712534
82,2038,F,0.23580722103790325,0.4124391992949715,0.35175357966712534
87,2038,F,0.23580722103790325,0.4124391992949715,0.35175357966712534
17,2038,M,0.01319310966255566,0.20628749727174242,0.780519393065702
22,2038,M,0.1228816788887894,0.744694160344178,0.13242416076703256
27,2038,M,0.3367142881377527,0.5404117262017348,0.12287398566051243
32,2038,M,0.3496702681892143,0.5176330123748699,0.13269671943591568
37,2038,M,0.323005579772472,0.5336349752013172,0.14335944502621076
42,2038,M,0.28578236123907647,0.5585804212337441,0.15563721752717952
47,2038,M,0.25411737869361567,0.5725022524447607,0.17338036886162372
52,2038,M,0.22881777382647872,0.5694719598922922,0.20171026628122907
57,2038,M,0.20871719488058274,0.551205913909901,0.2400768912095161
62,2038,M,0.19037980779970462,0.5201149307528405,0.28950526144745486
67,2038,M,0.17680809732370628,0.474220896974146,0.3489710057021478
72,2038,M,0.17680809732370628,0.474220896974146,0.3489710057021478
77,2038,M,0.17680809732370628,0.474220896974146,0.3489710057021478
82,2038,M,0.17680809732370628,0.474220896974146,0.3489710057021478
87,2038,M,0.17680809732370628,0.474220896974146,0.3489710057021478
17,2039,F,0.01429356282554654,0.18147284324554108,0.8042335939289124
22,2039,F,0.14639404267607561,0.7065767852230266,0.14702917210089775
27,2039,F,0.3865198436603108,0.4846504289019033,0.12882972743778595
32,2039,F,0.40506932932329026,0.4578602610735801,0.1370704096031296
37,2039,F,0.38270776800958756,0.4700226394978058,0.14726959249260668
42,2039,F,0.3490046961271013,0.4915106052814711,0.1594846985914277
47,2039,F,0.32022622047382937,0.5027491976824,0.1770245818437705
52,2039,F,0.296973836992426,0.49818781690842956,0.2048383460991444
57,2039,F,0.277015185434339,0.48040315714827264,0.24258165741738835
62,2039,F,0.25799378118392297,0.451198084922979,0.29080813389309806
67,2039,F,0.23956007534651752,0.41059826883821965,0.3498416558152628
72,2039,F,0.23956007534651752,0.41059826883821965,0.3498416558152628
77,2039,F,0.23956007534651752,0.41059826883821965,0.3498416558152628
82,2039,F,0.23956007534651752,0.41059826883821965,0.3498416558152628
87,2039,F,0.23956007534651752,0.41059826883821965,0.3498416558152628
17,2039,M,0.013323509496591984,0.20633575217269173,0.7803407383307163
22,2039,M,0.12411736245864478,0.7437063556720854,0.1321762818692698
27,2039,M,0.33930613776241086,0.538355192989751,0.12233866924783816
32,2039,M,0.3523502492197538,0.5155589261350898,0.13209082464515648
37,2039,M,0.3258905337777298,0.5314315904991017,0.14267787572316853
42,2039,M,0.2885529664504646,0.5564918344163159,0.1549551991332194
47,2039,M,0.2573650551759483,0.5701172430157789,0.1725177018082728
52,2039,M,0.23201606077600065,0.5672375452949919,0.20074639392900748
57,2039,M,0.2118975316006367,0.5491420056005193,0.23896046279884403
62,2039,M,0.1939585310367805,0.518018130843979,0.2880233381192404
67,2039,M,0.17957215509692115,0.4728072225716146,0.34762062233146424
72,2039,M,0.17957215509692115,0.4728072225716146,0.34762062233146424
77,2039,M,0.17957215509692115,0.4728072225716146,0.34762062233146424
82,2039,M,0.17957215509692115,0.4728072225716146,0.34762062233146424
87,2039,M,0.17957215509692115,0.4728072225716146,0.34762062233146424
17,2040,F,0.014399629187027734,0.18150482296607903,0.8040955478468932
22,2040,F,0.14728105824366525,0.7058837009489642,0.14683524080737057
27,2040,F,0.38835223821790876,0.4832402155031315,0.12840754627895967
32,2040,F,0.4071126059317006,0.4563302041914779,0.13655718987682144
37,2040,F,0.3849245886550876,0.4683845964489814,0.14669081489593103
42,2040,F,0.35085666082720146,0.49015891012622176,0.15898442904657673
47,2040,F,0.3225199133060493,0.5011181409838402,0.17636194571011038
52,2040,F,0.2998128828152256,0.4962691532122784,0.20391796397249595
57,2040,F,0.2801948332217872,0.478410786724241,0.24139438005397193
62,2040,F,0.2612152179828068,0.4493787887233584,0.28940599329383476
67,2040,F,0.24238022645749485,0.4092123664829998,0.34840740705950535
72,2040,F,0.24238022645749485,0.4092123664829998,0.34840740705950535
77,2040,F,0.24238022645749485,0.4092123664829998,0.34840740705950535
82,2040,F,0.24238022645749485,0.4092123664829998,0.34840740705950535
87,2040,F,0.24238022645749485,0.4092123664829998,0.34840740705950535
17,2040,M,0.0134546464714115,0.206383548557528,0.7801618049710605
22,2040,M,0.12516660636082863,0.7428670274178609,0.1319663662213104
27,2040,M,0.3416794520214006,0.536471484040549,0.12184906393805052
32,2040,M,0.3552694595896424,0.5132988865328978,0.13143165387745992
37,2040,M,0.329034740518069,0.5290291191745135,0.1419361403074174
42,2040,M,0.2916008440369014,0.5541929810922437,0.1542061748708549
47,2040,M,0.26032074600979876,0.5679450349781687,0.1717342190120324
52,2040,M,0.23554206700121658,0.5647714844868892,0.1996864485118941
57,2040,M,0.21544262141558956,0.5468379475865323,0.23771943099787818
62,2040,M,0.1979538666497205,0.5156717403922928,0.2863743929579868
67,2040,M,0.1837403009926427,0.47066911641370024,0.34559058259365705
72,2040,M,0.1837403009926427,0.47066911641370024,0.34559058259365705
77,2040,M,0.1837403009926427,0.47066911641370024,0.34559058259365705
82,2040,M,0.1837403009926427,0.47066911641370024,0.34559058259365705
87,2040,M,0.1837403009926427,0.47066911641370024,0.34559058259365705
17,2041,F,0.014506145345553808,0.18153656370904808,0.803957290945398
22,2041,F,0.14816987410012944,0.7051889102255561,0.14664121567431454
27,2041,F,0.39018188530743103,0.4818318212655319,0.12798629342703693
32,2041,F,0.40915188100685795,0.4548027766822729,0.13604534231086915
37,2041,F,0.38738316874912543,0.4665673545734613,0.14604947667741322
42,2041,F,0.3534992069126515,0.4882295230063498,0.1582712700809987
47,2041,F,0.3250985279765325,0.49928363987042873,0.17561783215303883
52,2041,F,0.3023359684765047,0.49456294380199617,0.2031010877214992
57,2041,F,0.2830222082475252,0.4766375367370252,0.2403402550154496
62,2041,F,0.26403677226279804,0.4477833982314147,0.28817982950578713
67,2041,F,0.24567597839990618,0.40759008229234334,0.3467339393077505
72,2041,F,0.24567597839990618,0.40759008229234334,0.3467339393077505
77,2041,F,0.24567597839990618,0.40759008229234334,0.3467339393077505
82,2041,F,0.24567597839990618,0.40759008229234334,0.3467339393077505
